DUoptxwinnmr USERreza NAMEBiostandards_13C_corr EXPNO84 PROCNO1
F1225.945ppm F2-23.156ppm MI2.60cm MAXI10000.00cm PC0.500
          ADDRESS            FREQUENCY         INTENSITY
                           Hz        PPM
     1     15094.8    16960.271     168.5702         4.63
     2     20003.4    15083.103     149.9128         7.25
     3     20578.8    14863.054     147.7257         5.98
     4     20965.9    14715.017     146.2543        16.06
     5     23593.2    13710.250     136.2678         4.83
     6     25044.8    13155.144     130.7506        19.00
     7     45962.1     5155.813      51.2442         5.99
     8     59443.9        0.039       0.0004         2.61
