DUoptxwinnmr USERreza NAMEBiostandards_13C_corr EXPNO95 PROCNO1
F1225.968ppm F2-23.133ppm MI3.00cm MAXI10000.00cm PC0.500
          ADDRESS            FREQUENCY         INTENSITY
                           Hz        PPM
     1     17810.0    15924.211     158.2727         7.07
     2     18576.7    15630.990     155.3583        15.23
     3     19634.7    15226.396     151.3370         5.45
     4     21874.2    14369.945     142.8246        15.04
     5     27534.1    12205.443     121.3114         4.49
     6     36010.3     8963.948      89.0938         9.67
     7     36032.2     8955.550      89.0103         9.40
     8     36751.9     8680.352      86.2751        15.48
     9     39935.7     7462.770      74.1734        19.00
    10     41937.0     6697.422      66.5665         9.47
    11     48439.6     4210.671      41.8504        16.01
    12     59449.8        0.090       0.0009         3.29
