Table of Peaks
No.	(ppm)	Height
1	0.68	0.9146
2	0.80	0.0286
3	0.81	0.0331
4	0.83	0.0494
5	0.83	0.0501
6	0.84	0.0351
7	0.85	0.0335
8	0.92	0.0163
9	0.93	0.0168
10	0.95	0.0319
11	0.95	0.0324
12	0.95	0.0321
13	0.97	0.0348
14	0.97	0.0342
15	0.99	0.0232
16	0.99	0.0177
17	1.02	0.5717
18	1.03	0.5794
19	1.06	0.0227
20	1.07	0.0218
21	1.08	0.0260
22	1.08	0.0307
23	1.09	0.0232
24	1.09	0.0535
25	1.10	0.0213
26	1.11	0.0254
27	1.12	0.0169
28	1.14	1.0000
29	1.29	0.0109
30	1.30	0.0140
31	1.31	0.0344
32	1.32	0.0378
33	1.34	0.0350
34	1.34	0.0403
35	1.36	0.0155
36	1.36	0.0170
37	1.40	0.0302
38	1.40	0.0445
39	1.41	0.0319
40	1.42	0.0389
41	1.42	0.0544
42	1.43	0.0334
43	1.47	0.0188
44	1.48	0.0415
45	1.48	0.0404
46	1.49	0.0240
47	1.49	0.0217
48	1.50	0.0491
49	1.50	0.0478
50	1.52	0.0480
51	1.52	0.0511
52	1.53	0.0503
53	1.54	0.0660
54	1.56	0.0776
55	1.56	0.1122
56	1.57	0.0701
57	1.58	0.1284
58	1.58	0.1132
59	1.59	0.0828
60	1.60	0.0638
61	1.61	0.0180
62	1.61	0.0348
63	1.62	0.0378
64	1.62	0.0384
65	1.63	0.0335
66	1.64	0.0514
67	1.65	0.0494
68	1.67	0.0261
69	1.67	0.0219
70	1.68	0.0332
71	1.69	0.0335
72	1.70	0.0466
73	1.71	0.0432
74	1.72	0.0252
75	1.73	0.0203
76	1.77	0.0179
77	1.77	0.0292
78	1.78	0.0404
79	1.78	0.0325
80	1.79	0.0263
81	1.79	0.0266
82	1.80	0.0306
83	1.80	0.0380
84	1.80	0.0290
85	1.81	0.0175
86	1.90	0.0502
87	1.90	0.0175
88	1.92	0.0909
89	1.93	0.0187
90	1.94	0.0640
91	1.94	0.0468
92	1.95	0.0495
93	1.95	0.0466
94	1.96	0.0334
95	1.96	0.0400
96	1.97	0.0399
97	1.97	0.0304
98	2.13	0.0291
99	2.14	0.0525
100	2.14	0.0310
101	2.16	0.0413
102	2.16	0.0652
103	2.17	0.0338
104	2.22	0.0287
105	2.23	0.0399
106	2.23	0.0423
107	2.23	0.0336
108	2.25	0.0450
109	2.25	0.0566
110	2.26	0.0391
111	2.36	0.0479
112	2.37	0.0614
113	2.38	0.0304
114	2.39	0.0885
115	2.39	0.0758
116	2.40	0.0808
117	2.41	0.0573
118	2.42	0.0438
119	3.51	0.5316
120	5.62	0.2142

Table of Multiplets
No.	Shift1 (ppm)	Hs	Type	J (Hz)	Atom1			Multiplet1	 (ppm)
1	0.68		3	s	-	21			M16		0.67 .. 0.70
2	0.82		1	m	-	5			M15		0.79 .. 0.87
3	0.92		1	m	-	10			M14		0.92 .. 1.00
4	1.02		3	d	6.27	24			M13		1.01 .. 1.05
5	1.08		1	m	-	9			M12		1.05 .. 1.12
6	1.14		3	s	-	23			M11		1.12 .. 1.16
7	1.29		1	ddd	-	6			M10		1.28 .. 1.38
8	1.41		1	m	-	7			M09		1.38 .. 1.45
9	1.56		7	m	-	6 4 8 9 16 7 3	M08		1.45 .. 1.75
10	1.77		1	m	-	10			M07		1.75 .. 1.83
11	1.92		2	m	-	8 16			M06		1.87 .. 1.99
12	2.15		1	m	-	15			M05		2.11 .. 2.18
13	2.24		1	m	-	11			M04		2.21 .. 2.27
14	2.39		2	m	-	15 11			M03		2.35 .. 2.44
15	3.51		1	s	-	19			M02		3.49 .. 3.52
16	5.62		1	s	-	13			M01		5.60 .. 5.65

Table of Assignments
No.	Atom	Exp. Shift (ppm)	Multiplet
1	21	0.68			M16
2	5	0.82			M15
3	10	0.92			M14
4	24	1.02			M13
5	9	1.08			M12
6	23	1.14			M11
7	6	1.29			M10
8	7	1.41			M09
9	6	1.56			M08
10	4	1.56			M08
11	8	1.56			M08
12	9	1.56			M08
13	16	1.56			M08
14	7	1.56			M08
15	3	1.56			M08
16	10	1.77			M07
17	8	1.92			M06
18	16	1.92			M06
19	15	2.15			M05
20	11	2.24			M04
21	15	2.39			M03
22	11	2.39			M03
23	19	3.51			M02
24	13	5.62			M01

