DUoptxwinnmr USERreza NAMEBiostandards_13C_corr EXPNO6 PROCNO1
F1226.036ppm F2-23.064ppm MI12.00cm MAXI10000.00cm PC0.500
          ADDRESS            FREQUENCY         INTENSITY
                           Hz        PPM
     1     16738.1     9939.963      98.7945        82.61
     2     17245.2     9552.106      94.9396        46.98
     3     19457.9     7859.711      78.1186        41.73
     4     19467.4     7852.439      78.0463       111.74
     5     19596.7     7753.497      77.0630        73.66
     6     19851.4     7558.723      75.1271        43.27
     7     19950.2     7483.189      74.3763        42.97
     8     20029.7     7422.364      73.7718        22.97
     9     20039.0     7415.241      73.7010        24.09
    10     20277.9     7232.494      71.8846       103.99
    11     21102.4     6601.924      65.6173        40.09
    12     29735.2       -0.951      -0.0094        12.63
