Table of Peaks
No.	(ppm)	Height
1	1.81	0.0056
2	1.84	0.0062
3	2.02	0.0057
4	2.05	0.0063
5	2.38	0.0078
6	2.39	0.0100
7	2.39	0.0095
8	2.39	0.0083
9	2.41	0.0075
10	2.41	0.0090
11	2.42	0.0086
12	2.42	0.0070
13	2.44	0.0079
14	2.45	0.0098
15	2.45	0.0094
16	2.46	0.0084
17	2.47	0.0074
18	2.48	0.0086
19	2.48	0.0083
20	2.49	0.0069
21	2.83	0.0864
22	3.27	0.0275
23	3.28	0.0282
24	3.78	0.0160
25	3.79	0.0255
26	3.80	0.0143
27	3.81	0.0441
28	3.81	0.0354
29	3.82	0.0081
30	3.83	0.0236
31	3.84	0.0157
32	3.84	0.0296
33	3.85	0.0289
34	3.90	0.0095
35	4.13	0.0184
36	4.14	0.0221
37	4.14	0.0209
38	4.16	0.0164
39	5.02	0.0106
40	5.03	0.0203
41	5.04	0.0100
42	7.29	0.0038
43	7.30	0.0075
44	7.30	0.0043
45	7.30	0.0047
46	7.31	0.0216
47	7.31	0.0076
48	7.32	0.0077
49	7.32	0.0124
50	7.32	0.0132
51	7.32	0.0147
52	7.32	0.0158
53	7.33	0.0241
54	7.33	0.0121
55	7.33	0.0101
56	7.34	0.0610
57	7.34	0.0389
58	7.35	0.0387
59	7.35	0.0418
60	7.36	0.0105
61	7.36	0.0284
62	7.36	0.0355
63	7.36	0.0210
64	7.37	0.0052
65	7.38	0.0120
66	7.38	0.0069

Table of Multiplets
No.	Shift1 (ppm)	Hs	Type	Atom1			Multiplet1	 (ppm)
1	1.81		1	d	7			M11		1.78 .. 1.87
2	2.02		1	d	9			M10		1.99 .. 2.09
3	2.38		1	ddd	7			M09		2.37 .. 2.43
4	2.44		1	ddd	9			M08		2.43 .. 2.50
5	2.83		3	s	10			M07		2.80 .. 2.86
6	3.27		1	d	3			M06		3.26 .. 3.29
7	3.78		4	m	15 6 14 2		M05		3.77 .. 3.86
8	3.90		1	br. s.	4			M04		3.87 .. 3.93
9	4.13		1	dd	15			M03		4.12 .. 4.17
10	5.02		1	m	8			M02		5.01 .. 5.05
11	7.34		5	m	18 19 20 21 22	M01		7.28 .. 7.39

Table of Assignments
No.	Atom	Exp. Shift (ppm)	Multiplet
1	7	1.81			M11
2	9	2.02			M10
3	7	2.38			M09
4	9	2.44			M08
5	10	2.83			M07
6	3	3.27			M06
7	15	3.78			M05
8	6	3.78			M05
9	14	3.78			M05
10	2	3.78			M05
11	4	3.90			M04
12	15	4.13			M03
13	8	5.02			M02
14	18	7.34			M01
15	19	7.34			M01
16	20	7.34			M01
17	21	7.34			M01
18	22	7.34			M01

