DUoptxwinnmr USERreza NAMEBiostandards_13C_corr EXPNO126 PROCNO1
F1226.044ppm F2-23.057ppm MI1.50cm MAXI10000.00cm PC0.500
          ADDRESS            FREQUENCY         INTENSITY
                           Hz        PPM
     1     12784.5    17853.746     177.4506         5.26
     2     17478.0    16058.819     159.6106         4.72
     3     44344.1     5784.525      57.4931        15.87
     4     48024.2     4377.171      43.5052        17.83
     5     50856.3     3294.119      32.7407        18.77
     6     51524.2     3038.698      30.2020        19.00
     7     53107.9     2433.052      24.1824        18.28
     8     59470.2       -0.080      -0.0008         1.52
