DUoptxwinnmr USERreza NAMEBiostandards_13C_corr EXPNO3 PROCNO1
F1225.968ppm F2-23.133ppm MI4.00cm MAXI10000.00cm PC0.500
          ADDRESS            FREQUENCY         INTENSITY
                           Hz        PPM
     1      7150.1    17266.447     171.6133        19.02
     2      8091.2    16546.615     164.4588        17.35
     3      8728.8    16058.945     159.6118        42.30
     4      9124.8    15756.106     156.6019        25.71
     5     10588.3    14636.712     145.4761        14.98
     6     11463.7    13967.187     138.8216        13.89
     7     15602.7    10801.435     107.3568        15.88
     8     21422.1     6350.456      63.1179        44.96
     9     22671.6     5394.769      53.6193        40.68
    10     25532.0     3207.019      31.8749        39.30
    11     26212.7     2686.409      26.7005        27.24
    12     27918.7     1381.575      13.7316        32.95
    13     29724.5        0.371       0.0037         4.14
