DUoptxwinnmr USERreza NAMEBiostandards_13C_corr EXPNO13 PROCNO1
F1226.052ppm F2-23.049ppm MI3.90cm MAXI10000.00cm PC0.500
          ADDRESS            FREQUENCY         INTENSITY
                           Hz        PPM
     1      7516.5    16994.596     168.9114        15.00
     2      9406.4    15549.100     154.5444        13.53
     3     10751.5    14520.313     144.3192        30.84
     4     15871.0    10604.685     105.4013        28.13
     5     16807.3     9888.551      98.2835        16.47
     6     16815.6     9882.163      98.2200        16.83
     7     17748.3     9168.836      91.1302        27.58
     8     18423.4     8652.449      85.9977        17.02
     9     18435.3     8643.362      85.9074        17.26
    10     19679.0     7692.139      76.4531        37.13
    11     19790.9     7606.530      75.6022        32.28
    12     19802.1     7597.926      75.5167        36.40
    13     19954.1     7481.707      74.3616        17.13
    14     19965.2     7473.205      74.2771        17.12
    15     20215.3     7281.950      72.3762        32.75
    16     20272.4     7238.270      71.9420        29.55
    17     20833.8     6808.846      67.6740        16.75
    18     20840.5     6803.722      67.6230        14.77
    19     21437.3     6347.300      63.0866        23.06
    20     21825.3     6050.482      60.1365         4.51
    21     27169.8     1962.799      19.5085         5.97
    22     29735.8        0.188       0.0019         3.94
