Table of Peaks
No.	(ppm)	Height
1	3.627	0.3840
2	3.639	0.4357
3	3.647	0.6403
4	3.658	0.7140
5	3.700	0.6348
6	3.707	0.7311
7	3.719	0.4104
8	3.724	0.6778
9	3.726	1.0000
10	3.728	0.6717
11	3.730	0.6908
12	3.737	0.0857
13	3.831	0.1900
14	3.833	0.1782
15	3.836	0.1917
16	3.838	0.2938
17	3.840	0.1974
18	3.843	0.3322
19	3.845	0.3223
20	3.847	0.1793
21	3.850	0.2554
22	3.855	0.1376
23	3.856	0.1384

Table of Multiplets
No.	Shift1 (ppm)	Hs	Type	Atom1		Multiplet1	 (ppm)
1	3.643		2	dd	2 11		M03		3.617 .. 3.670
2	3.727		4	m	2 5 7 11	M02		3.689 .. 3.746
3	3.843		2	m	3 9		M01		3.818 .. 3.868
	
Table of Assignments
No.	Atom	Exp. Shift (ppm)	Multiplet
1	2	3.643			M03
2	11	3.643			M03
3	2	3.727			M02
4	5	3.727			M02
5	7	3.727			M02
6	11	3.727			M02
7	3	3.843			M01
8	9	3.843			M01

