        F2ppm           F1ppm       Intensity       

     1  4.0309           69.9708      3456515.00
     2  3.9726           72.8443      2226704.00
     3  3.8975           54.9813      1960633.00
     4  3.8368           66.0013      1945057.00
     5  3.7510           73.0813      4937329.00
     6  3.6116           66.0013      3138735.00
     7  3.5140           71.1854      3513332.00
     8  2.2126           42.1001      1424069.00
     9  2.0512           24.9753     15427498.00
    10  1.8083           42.1001      3325219.00
