     F2ppm           F1ppm       Intensity

     1  3.4038           71.5607       814765.60
     2  2.1685           25.8620       940782.70
     3  1.9657           45.1426       515052.09
     4  1.6636           34.5753       476007.87
     5  1.6140           23.1738       563937.55
     6  1.4247           31.6091       607398.77
     7  1.1091           50.1481       897030.26
     8  0.9738           23.1738        44715.96
     9  0.9513           45.1426       220356.80
    10  0.9332           21.0418      2793768.05
    11  0.9152           22.2469      2921117.23
    12  0.8431           34.5753       144541.23
    13  0.8205           16.1290       773987.23
