
          F2ppm           F1ppm     Intensity       

     1    3.0679           49.4218      9785773.00
     2    3.0269           47.6568      4885818.50
     3    3.1225           47.0857      6067737.50
     4    3.1006           39.3506      5741873.50
     5    3.2755           38.9353      5810573.00
     6    1.9123           28.0334      4077106.50
     7    2.1336           26.5798      4462272.00
     8    1.8030           25.3858      9131203.00
     9    1.9997           24.5552      9247724.50
