          F2ppm           F1ppm       Intensity

     1  3.5359           72.6731      2033760.00
     2  2.3246           32.1769      1768848.00
     3  2.2021           32.1769      1731776.00
     4  2.0122           41.4970      1172144.00
     5  1.9020           28.5191      1525632.00
     6  1.8853           29.2350      1224960.00
     7  1.8086           36.5322       670736.00
     8  1.7964           32.5141      1505056.00
     9  1.7616           37.1788       531344.00
    10  1.6184           31.1917      1521632.00
    11  1.6137           25.2384      1596672.00
    12  1.4523           37.1475      2782800.00
    13  1.4416           37.0721      2594144.00
    14  1.4384           41.8456      1596352.00
    15  1.4372           27.8398      1456528.00
    16  1.4298           21.9968      1146352.00
    17  1.3801           43.6930      1385760.00
    18  1.3267           29.2408       678400.00
    19  1.3192           31.1999       733696.00
    20  1.2941           32.5129      1089296.00
    21  1.2865           21.9879       649216.00
    22  1.2702           28.5113       735728.00
    23  1.1925           41.4978      1275744.00
    24  1.1280           27.8401       845712.00
    25  1.1338           57.6122      1621696.00
    26  1.0995           58.0628      1807952.00
    27  1.0984           25.2369      1134672.00
    28  0.9879           36.5342      1725968.00
    29  0.9471           18.9088      3672976.00
    30  0.9407           23.8941     12902640.00
    31  0.6880           12.5935      1406912.00
