          F2ppm           F1ppm       Intensity       

     1  4.0224           75.0271      4577163.00
     2  1.6959           36.5488      1664993.00
     3  1.6126           36.5945      1581862.00
     4  1.3626           26.9427      1085968.00
     5  1.3157           26.9885      1416018.00
     6  1.3053           30.8766      2061661.00
     7  1.2810           24.5641      2586256.00
     8  1.2741           33.5755      2991700.00
     9  0.8991           16.0101      1895807.00
    10  0.8193           16.0101      1419349.00
