          F2ppm           F1ppm       Intensity       

     1  2.6009           20.8777     13509990.50
     2  2.1579           12.2468      3842834.38
     3  2.1109           11.5801      5490538.88
     4  1.7867           31.6090      3051771.75
     5  1.5309           39.9046      6828168.88
     6  1.5229           27.8426      3583590.38
     7  1.4351           20.8895      2749957.13
     8  1.3790           32.8009      8153304.38
     9  1.3710           20.8820      3349659.63
    10  1.3077           24.5468      4366686.38
    11  1.2603           37.4827     12384500.00
    12  1.2423           24.5452      5326200.50
    13  1.2251           23.8534     48948597.75
    14  1.1320           39.4698      9176138.88
    15  1.0489           37.4824     12607071.63
    16  0.8650           22.5387     30162967.13
    17  0.8444           19.5613     26505818.25
