          F2     F1           F2ppm           F1ppm       Intensity

     1   948.5   220.1            5.2340           95.0436      1526600.00
     2   992.7   202.1            4.9744          100.9913      2609400.00
     3  1045.2   208.4            4.6668           98.9096      1049484.00
     4  1160.5   289.4            3.9903           72.0109      2509744.00
     5  1164.6   284.4            3.9666           73.6946      1457308.00
     6  1168.0   300.1            3.9463           68.4683       556492.00
     7  1178.4   288.4            3.8855           72.3617       658576.00
     8  1190.2   291.9            3.8162           71.2042       705352.00
     9  1200.3   299.4            3.7570           68.7138       384220.00
    10  1203.7   313.9            3.7367           63.9084      2457196.00
    11  1209.8   299.2            3.7013           68.7840       216712.00
    12  1209.2   278.0            3.7046           75.7991       493772.00
    13  1221.9   274.1            3.6303           77.0970       712768.00
    14  1237.5   282.9            3.5390           74.1857       548852.00
    15  1244.1   288.6            3.5001           72.2915       919368.00
    16  1247.0   269.1            3.4832           78.7806       674728.00
    17  1286.7   274.5            3.2500           76.9567      1229632.00
