		F2ppm	F1ppm	Intensity
	1	5.3371	121.6752	731445.98
	2	5.1374	138.3742	456858.80
	3	5.0119	129.3416	399854.28
	4	3.5224	71.7218	618868.67
	5	2.2701	42.3173	442649.02
	6	2.0369	40.3898	701432.38
	7	1.9863	39.6012	491428.63
	8	1.9695	31.8913	415590.08
	9	1.8458	37.2357	414099.77
	10	1.8318	31.4532	466750.53
	11	1.7097	28.8849
	12	1.5561	24.3285
	13	1.5256	51.2538	494434.17
	14	1.5199	31.8037	1052943.69
	15	1.4946	21.1148	593430.69
	16	1.4694	31.7160	727755.75
	17	1.4104	25.3203	504111.34
	18	1.2607	28.8849
	19	1.1687	39.6889	338951.97
	20	1.1519	25.4955	438264.34
	21	1.1378	55.8097	546279.83
	22	1.0677	37.2906
	23	1.0559	24.4071
	24	1.0284	57.0085
	25	1.0142	21.2900	1255219.89
	26	0.9946	19.4502	677661.70
	27	0.9271	50.2901	369600.53
	28	0.8288	21.2024	702242.63
	29	0.8091	12.0030	528085.88
	30	0.7810	19.0121	685298.14
	31	0.6939	12.0030	529306.34
