      F2ppm           F1ppm       Intensity

     1  3.9561           74.3454      4240864.00
     2  3.8798           41.8092      7963072.00
     3  3.5197           72.6819      1865984.00
     4  2.3132           33.8531      1273056.00
     5  2.1778           33.8531      1169888.00
     6  1.8924           34.8365      1318656.00
     7  1.8894           28.5452      1678080.00
     8  1.8390           28.8868
     9  1.8342           48.1554       991040.00
    10  1.8053           33.1633       962800.00
    11  1.7966           37.1790       497040.00
    12  1.7689           36.5098       435136.00
    13  1.6099           24.8817      1379664.00
    14  1.6099           49.4640      1451664.00
    15  1.5981           31.1662      1172944.00
    16  1.5127           29.8836      3219104.00
    17  1.4656           37.4645      1763504.00
    18  1.4456           37.1808      1815136.00
    19  1.4309           27.5323       858112.00
    20  1.4259           36.8227      1075584.00
    21  1.4125           31.1603       501584.00
    22  1.3874           43.8075      1104192.00
    23  1.3489           33.1608       699472.00
    24  1.3089           28.8868
    25  1.2836           28.5495      2061344.00
    26  1.1614           27.5323       547664.00
    27  1.0878           24.8876       599792.00
    28  1.0242           17.7671       599904.00
    29  0.9732           36.5320       911504.00
    30  0.9266           23.7209      9111296.00
    31  0.7073           13.2638       726672.00

