DUoptxwinnmr USERreza NAMEBiostandards_13C_corr EXPNO108 PROCNO1
F1226.021ppm F2-23.080ppm MI1.10cm MAXI10000.00cm PC0.500
          ADDRESS            FREQUENCY         INTENSITY
                           Hz        PPM
     1     11698.4    18266.785     181.5558         4.99
     2     11749.1    18247.408     181.3632         4.44
     3     13110.0    17726.969     176.1905         4.63
     4     44738.3     5631.479      55.9720        18.41
     5     44763.3     5621.943      55.8772         2.59
     6     48315.1     4263.649      42.3769        19.00
     7     52956.9     2488.500      24.7335        12.12
     8     59464.0       -0.013      -0.0001         1.71
