		F2ppm	F1ppm	Intensity
	1	6.8509	116.6402	11349080.00
	2	6.7983	117.0979	5600345.00
	3	6.7516	118.2699	8334184.00
	4	6.7384	118.5200
	5	6.7293	119.0180	5233374.00
	6	6.6846	120.6064	2872525.00
	7	5.8189	101.9005	10041376.00
	8	5.8041	102.2190	4877624.00
	9	5.7166	95.5317	8728279.00
	10	5.6022	95.0107	4012588.00
	11	4.8543	81.1243	7719389.00
	12	4.5291	84.4656	2397984.00
	13	4.2793	69.4685	9162039.00
	14	4.1673	70.4787	2472302.00
	15	2.9689	31.2027
	16	2.8546	31.1175	1107300.00
	17	2.7138	31.1175	921308.00
	18	2.4588	31.2027
