          F2ppm           F1ppm       Intensity       
     1     5.4041          102.0558     23042794.50
     2     5.3983          102.5537
     3     5.2408           94.5106     11480260.00
     4     4.6656           98.4133      9912841.00
     5     3.9554           75.7776      8418613.50
     6     3.9341           72.4603      3713558.50
     7     3.9093           63.2889      5866082.00
     8     3.8560           62.9637     21865323.00
     9     3.8276           73.6961     10018952.00
     10   3.8027           62.9637     14124036.00
     11   3.7708           78.7697      6916880.50
     12   3.7601           63.1588      8277640.50
     13   3.6962           75.3223     15325452.00
     14   3.6862           75.5782
     15   3.6394           79.2900     18305442.50
     16   3.6217           74.0864     10239333.00
     17   3.5971           74.3962
     18   3.5862           76.9484      5572570.00
     19   3.5720           74.0214      5172993.00
     20   3.4370           71.8098      9923999.00
     21   3.2808           76.6232      9838163.00
