          F2ppm           F1ppm       Intensity

     1  3.5245           71.6866      3418944.00
     2  2.9825           46.4566      1971984.00
     3  2.3311           32.1573      2534800.00
     4  2.2059           32.1573      2490304.00
     5  2.1557           25.8692      2297728.00
     6  2.0411           40.4758      1852480.00
     7  1.9219           29.3609      1780512.00
     8  1.9141           47.6084      2617888.00
     9  1.8561           46.4466       552672.00
    10  1.8501           35.1741      1321520.00
    11  1.8150           44.4639      3447328.00
    12  1.8089           32.5096      2146432.00
    13  1.6508           30.8413      2054320.00
    14  1.6215           38.3579      1527584.00
    15  1.5513           22.8867      1112976.00
    16  1.4922           22.8867      3621904.00
    17  1.4458           36.6398      2452768.00
    18  1.4222           50.4309      2943296.00
    19  1.3285           29.3609      1065760.00
    20  1.3148           32.5064      1603728.00
    21  1.2329           30.8341      1080752.00
    22  1.2284           23.5514     22834816.00
    23  1.1996           35.1718       178048.00
    24  1.1991           38.1620       555088.00
    25  1.1640           40.4598      2479744.00
    26  1.1406           56.4071      2447680.00
    27  0.9931           25.8781      1454336.00
    28  0.9591           18.9183      6157072.00
    29  0.7068           12.5564      2178912.00
    30  2.5344           50.8420