          F2ppm           F1ppm       Intensity      

     1   8.4906          144.7382      2391072.50
     2   8.4220          144.7382      2295416.00
     3   8.4220          150.7238      3998089.00
     4   8.3773          150.7238      4220967.00
     5   8.2660          142.4475      1842378.00
     6   8.2342          142.4475      1893505.00
     7   8.1438          155.1576      1479781.00
     8   6.0890           90.9816     12624052.50
     9   6.0134           90.8181      4421264.00
    10  4.7617           76.7173     12755299.50
    11  4.4558           72.7502     10521245.00
    12  4.4362           73.3468      4895510.00
    13  4.2918           88.3502      6397230.50
    14  4.2739           88.2010     10605237.50
    15  3.9196           63.9622      4020577.50
    16  3.8570           63.9622      5643641.00
    17  3.8397           39.9976     22428996.50

