DUoptxwinnmr USERreza NAMEBiostandards_13C_corr EXPNO122 PROCNO1
F1226.040ppm F2-23.061ppm MI1.76cm MAXI10000.00cm PC0.500
          ADDRESS            FREQUENCY         INTENSITY
                           Hz        PPM
     1     20762.7    14802.279     147.1217         9.70
     2     23972.5    13574.763     134.9212         6.71
     3     27583.0    12194.040     121.1981        19.00
     4     28134.7    11983.040     119.1009        18.83
     5     28781.6    11735.658     116.6421        18.33
     6     40498.9     7254.649      72.1048        17.12
     7     46800.2     4844.876      48.1538        18.83
     8     59469.0        0.010       0.0001         1.79
