         F2ppm           F1ppm       Intensity       

     1   9.0724          138.6865      8837051.00
     2   6.0264           92.2769      7137099.00
     3   4.2654           87.9893      8483128.00
     4   4.6854           76.8974      7553313.00
     5   4.3946           71.8641     12036782.00
     6   3.9584           63.1957      3295167.00
     7   3.8614           63.2889      3783900.00
     8   3.7483           58.0692      7018149.00
     9   4.1092           38.2157       499305.00
