          F2ppm           F1ppm       Intensity

     1   5.6179           66.0836      8116359.75
     2  3.8536           69.3354      5105714.75
     3  3.7009           69.3717      2371742.00
     4  3.1973           54.4826    106732835.50
     5  2.7547           37.7026     10611445.00
     6  2.3880           34.9205     10683701.75
     7  1.6367           25.3288      7396525.75
     8  1.3356           23.2527      5426857.00
     9  1.3267           32.2216      6159347.25
    10  0.9152           14.2007      5817330.75
