      F2ppm           F1ppm       Intensity       

     1  7.2565          132.7190     24126580.50
     2  7.0003          117.2907      9133674.00
     3  4.3557           76.2652     21549376.00
     4  4.3557           67.8497      1891474.00
     5  4.0995           72.0575      9812992.00
     6  3.6877           75.5639     36377586.00
     7  3.4773           53.4733     12986218.00
     8  3.3308           60.1356     24849362.00
     9  3.2942           49.2656      3187959.50
    10  3.2210           49.2656      4577175.50
    11  2.8367           36.2917     10102126.50
    12  1.3726           20.3374      3020582.00
